AACACC 6 3 1051 375 1349720 0.008 0.000779 0.000104 0.005807 5.00613 5.55E-07 
AAGACC 6 4 1099 375 1349720 0.010667 0.000814 0.000112 0.005869 6.67681 2.44E-11 
AAGGGC 6 3 2802 375 1349720 0.008 0.002076 0.000539 0.007955 2.51905 0.011767 
AAGGGG 6 3 1567 375 1349720 0.008 0.001161 0.000208 0.006465 3.88538 0.000102 
AAGTGG 6 3 1570 375 1349720 0.008 0.001163 0.000208 0.006469 3.88041 0.000104 
AATCGG 6 3 1493 375 1349720 0.008 0.001106 0.000191 0.006372 4.01211 6.02E-05 
AATTGT 6 3 1098 375 1349720 0.008 0.000814 0.000112 0.005868 4.87458 1.09E-06 
ACACCT 6 3 1070 375 1349720 0.008 0.000793 0.000107 0.005832 4.95198 7.35E-07 
ACACGT 6 3 1118 375 1349720 0.008 0.000828 0.000116 0.005894 4.82098 1.43E-06 
ACCAAG 6 3 1566 375 1349720 0.008 0.00116 0.000207 0.006464 3.88703 0.000101 
ACCGTT 6 3 1118 375 1349720 0.008 0.000828 0.000116 0.005894 4.82098 1.43E-06 
ACCTCC 6 3 1103 375 1349720 0.008 0.000817 0.000113 0.005875 4.86105 1.17E-06 
AGAGGA 6 3 1082 375 1349720 0.008 0.000802 0.000109 0.005847 4.91846 8.72E-07 
AGAGTG 6 3 1607 375 1349720 0.008 0.001191 0.000217 0.006515 3.82024 0.000133 
AGGGAG 6 3 1551 500 1799620 0.006 0.000862 0.000153 0.004839 3.91151 9.17E-05 
AGGGGC 6 5 2965 375 1349720 0.013333 0.002197 0.00059 0.008145 4.60244 4.18E-06 
AGGTGG 6 3 1554 375 1349720 0.008 0.001151 0.000205 0.006449 3.90704 9.34E-05 
AGTAGC 6 3 2827 375 1349720 0.008 0.002095 0.000547 0.007984 2.50008 0.012416 
AGTGAG 6 4 1587 500 1799620 0.008 0.000882 0.000159 0.004873 5.35549 8.53E-08 
AGTGGC 6 4 2920 375 1349720 0.010667 0.002163 0.000576 0.008093 3.54163 0.000398 
AGTGGG 6 4 1585 375 1349720 0.010667 0.001174 0.000212 0.006487 5.36048 8.30E-08 
AGTGTA 6 3 1106 375 1349720 0.008 0.000819 0.000114 0.005879 4.85298 1.22E-06 
ATATGG 6 6 1546 375 1349720 0.016 0.001145 0.000203 0.006439 8.48791 2.10E-17 
ATCGGC 6 3 2780 375 1349720 0.008 0.00206 0.000533 0.007929 2.53593 0.011215 
ATTGTG 6 3 1470 375 1349720 0.008 0.001089 0.000186 0.006343 4.05327 5.05E-05 
CAAGGC 6 5 2932 375 1349720 0.013333 0.002172 0.00058 0.008107 4.63833 3.51E-06 
CAAGGG 6 3 1539 375 1349720 0.008 0.00114 0.000201 0.00643 3.93234 8.41E-05 
CACCTC 6 3 1030 375 1349720 0.008 0.000763 0.0001 0.00578 5.06762 4.03E-07 
CCAAGG 6 7 1610 375 1349720 0.018667 0.001193 0.000217 0.006519 9.78205 1.34E-22 
CCAGGC 6 3 2816 375 1349720 0.008 0.002086 0.000544 0.007971 2.5084 0.012128 
CCGATG 6 3 1597 375 1349720 0.008 0.001183 0.000214 0.006502 3.83631 0.000125 
CCTCGG 6 3 1594 375 1349720 0.008 0.001181 0.000214 0.006499 3.84116 0.000122 
CGATGG 6 7 1576 375 1349720 0.018667 0.001168 0.00021 0.006476 9.90067 4.14E-23 
CGCTGG 6 3 1512 375 1349720 0.008 0.00112 0.000195 0.006396 3.97876 6.93E-05 
CGGGAT 6 3 1101 375 1349720 0.008 0.000816 0.000113 0.005872 4.86645 1.14E-06 
CGGGGC 6 4 2873 375 1349720 0.010667 0.002129 0.000561 0.008038 3.585 0.000337 
CGGGTG 6 4 1488 375 1349720 0.010667 0.001102 0.00019 0.006366 5.57367 2.49E-08 
CGGTGG 6 4 1557 375 1349720 0.010667 0.001154 0.000205 0.006452 5.42011 5.96E-08 
CGGTTG 6 3 1558 375 1349720 0.008 0.001154 0.000206 0.006454 3.90035 9.61E-05 
CTAGGC 6 3 2821 375 1349720 0.008 0.00209 0.000545 0.007977 2.50462 0.012258 
CTCGGG 6 3 1591 375 1349720 0.008 0.001179 0.000213 0.006495 3.84602 0.00012 
CTGGGC 6 4 2641 375 1349720 0.010667 0.001957 0.000491 0.007766 3.81387 0.000137 
GACATG 6 3 1553 375 1349720 0.008 0.001151 0.000204 0.006447 3.90871 9.28E-05 
GACCAA 6 3 1126 375 1349720 0.008 0.000834 0.000117 0.005904 4.79991 1.59E-06 
GACCTG 6 3 1547 375 1349720 0.008 0.001146 0.000203 0.00644 3.91881 8.90E-05 
GAGTGG 6 4 1582 375 1349720 0.010667 0.001172 0.000211 0.006484 5.3668 8.01E-08 
GATATG 6 4 1550 375 1349720 0.010667 0.001148 0.000204 0.006444 5.43525 5.47E-08 
GATGGC 6 8 2823 375 1349720 0.021333 0.002092 0.000546 0.00798 8.14456 3.81E-16 
GCAAGG 6 3 1535 375 1349720 0.008 0.001137 0.0002 0.006425 3.93915 8.18E-05 
GCTGGA 6 3 1087 375 1349720 0.008 0.000805 0.00011 0.005854 4.90465 9.36E-07 
GCTGGG 6 4 1480 375 1349720 0.010667 0.001097 0.000188 0.006356 5.59212 2.24E-08 
GGAGGC 6 4 2891 375 1349720 0.010667 0.002142 0.000567 0.008059 3.56828 0.000359 
GGAGGG 6 3 1564 500 1799620 0.006 0.000869 0.000155 0.004851 3.88979 0.0001 
GGATAT 6 3 1087 375 1349720 0.008 0.000805 0.00011 0.005854 4.90465 9.36E-07  
GGCGGG 6 6 1527 500 1799620 0.012 0.000849 0.000149 0.004816 8.54717 1.26E-17 
GGCGGT 6 3 1116 375 1349720 0.008 0.000827 0.000116 0.005892 4.82628 1.39E-06 
GGCTAG 6 3 1543 375 1349720 0.008 0.001143 0.000202 0.006435 3.92556 8.65E-05 
GGCTGG 6 3 1475 500 1799620 0.006 0.00082 0.00014 0.004767 4.04369 5.26E-05 
GGGAGG 6 3 1494 500 1799620 0.006 0.00083 0.000144 0.004785 4.00978 6.08E-05 
GGGATA 6 3 1099 375 1349720 0.008 0.000814 0.000112 0.005869 4.87187 1.11E-06 
GGGCGG 6 3 1606 500 1799620 0.006 0.000892 0.000162 0.004891 3.82127 0.000133 
GGGGCG 6 3 1516 375 1349720 0.008 0.001123 0.000196 0.006401 3.97181 7.13E-05 
GGGGGC 6 6 2780 375 1349720 0.016 0.00206 0.000533 0.007929 5.94795 2.72E-09 
GGGGGG 6 10 1546 1750 6298670 0.005714 0.000245 4.35E-05 0.001385 14.5575 5.23E-48 
GGGTGG 6 5 1591 500 1799620 0.01 0.000884 0.00016 0.004877 6.84782 7.50E-12 
GGTGGC 6 10 2938 375 1349720 0.026667 0.002177 0.000581 0.008114 10.1586 3.03E-24 
GGTTGG 6 3 1544 500 1799620 0.006 0.000858 0.000152 0.004832 3.92331 8.73E-05 
GTAAAG 6 5 3287 375 1349720 0.013333 0.002435 0.000693 0.008517 4.27842 1.88E-05 
GTAATT 6 5 2886 375 1349720 0.013333 0.002138 0.000565 0.008053 4.68928 2.74E-06 
GTACAG 6 4 3303 375 1349720 0.010667 0.002447 0.000699 0.008535 3.21956 0.001284 
GTAGAA 6 5 2839 375 1349720 0.013333 0.002103 0.000551 0.007998 4.74249 2.11E-06 
GTAGAG 6 5 3255 375 1349720 0.013333 0.002412 0.000683 0.00848 4.30867 1.64E-05 
GTATAC 6 3 2834 375 1349720 0.008 0.0021 0.000549 0.007992 2.49481 0.012602 
GTGAGG 6 6 3343 375 1349720 0.016 0.002477 0.000712 0.008581 5.26377 1.41E-07 
GTGGCT 6 5 2866 375 1349720 0.013333 0.002123 0.000559 0.00803 4.71178 2.46E-06 
GTGGGC 6 4 4664 375 1349720 0.010667 0.003456 0.001182 0.01006 2.37863 0.017377 
GTGGGG 6 8 3311 375 1349720 0.021333 0.002453 0.000701 0.008544 7.38201 1.56E-13 
GTGTAG 6 4 3242 375 1349720 0.010667 0.002402 0.000679 0.008465 3.26747 0.001085 
GTTATG 6 4 3288 375 1349720 0.010667 0.002436 0.000694 0.008518 3.23123 0.001233 
GTTGGA 6 3 2833 375 1349720 0.008 0.002099 0.000549 0.007991 2.49556 0.012576 
TAAGTG 6 4 1947 375 1349720 0.010667 0.001443 0.000299 0.006934 4.70162 2.58E-06 
TAATTG 6 4 1923 375 1349720 0.010667 0.001425 0.000293 0.006905 4.73989 2.14E-06 
TAGAAT 6 4 1532 375 1349720 0.010667 0.001135 0.0002 0.006421 5.47463 4.38E-08 
TAGAGG 6 3 1937 375 1349720 0.008 0.001435 0.000296 0.006922 3.35564 0.000792 
TAGAGT 6 4 1550 375 1349720 0.010667 0.001148 0.000204 0.006444 5.43525 5.47E-08 
TAGGGA 6 3 1529 375 1349720 0.008 0.001133 0.000199 0.006417 3.9494 7.83E-05 
TAGTAG 6 3 1945 625 2249520 0.0048 0.000865 0.000179 0.004167 3.34476 0.000824 
TATGAC 6 3 1566 375 1349720 0.008 0.00116 0.000207 0.006464 3.88703 0.000101 
TATGGC 6 5 3316 375 1349720 0.013333 0.002457 0.000703 0.00855 4.25135 2.12E-05 
TCAGTG 6 4 2000 375 1349720 0.010667 0.001482 0.000312 0.006999 4.61938 3.85E-06 
TCCGAG 6 3 1961 375 1349720 0.008 0.001453 0.000302 0.006951 3.32607 0.000881 
TCCGAT 6 3 1595 375 1349720 0.008 0.001182 0.000214 0.0065 3.83954 0.000123 
TCGGCG 6 3 1999 375 1349720 0.008 0.001481 0.000312 0.006998 3.28023 0.001037 
TCGGGG 6 3 1959 375 1349720 0.008 0.001451 0.000302 0.006949 3.32851 0.000873 
TGACAT 6 3 1546 375 1349720 0.008 0.001145 0.000203 0.006439 3.92049 8.84E-05 
TGAGGC 6 4 3245 375 1349720 0.010667 0.002404 0.00068 0.008468 3.26508 0.001094 
TGGACC 6 4 1539 375 1349720 0.010667 0.00114 0.000201 0.00643 5.45924 4.78E-08 
TGGCGG 6 4 1988 375 1349720 0.010667 0.001473 0.000309 0.006984 4.63774 3.52E-06 
TGGCTG 6 3 1996 500 1799620 0.006 0.001109 0.000233 0.005252 3.2832 0.001026 
TGGGGC 6 6 3240 375 1349720 0.016 0.002401 0.000678 0.008463 5.3766 7.59E-08 
TGGGGG 6 4 2007 375 1349720 0.010667 0.001487 0.000314 0.007007 4.60874 4.05E-06 
TGTCAG 6 3 1914 375 1349720 0.008 0.001418 0.00029 0.006894 3.38444 0.000713 
TGTGGG 6 3 1953 375 1349720 0.008 0.001447 0.0003 0.006942 3.33587 0.00085 
TGTGTT 6 4 1581 375 1349720 0.010667 0.001171 0.000211 0.006482 5.36891 7.92E-08 
TGTTCG 6 3 2005 375 1349720 0.008 0.001486 0.000314 0.007005 3.2731 0.001064 
TTATGA 6 4 1553 375 1349720 0.010667 0.001151 0.000204 0.006447 5.42875 5.68E-08 
TTGGAC 6 3 1535 375 1349720 0.008 0.001137 0.0002 0.006425 3.93915 8.18E-05 
TTGTGT 6 3 1550 375 1349720 0.008 0.001148 0.000204 0.006444 3.91375 9.09E-05 
TTTGCG 6 3 2005 375 1349720 0.008 0.001486 0.000314 0.007005 3.2731 0.001064